12,12,12 12 2025,,,,12,21,1 12 12,12 12
12,21,23 12 2025,23e,23,qw,3,3,0 0 0,0 0
12,21,23 12 2025,,,,2,eq,0 0 0,0 0
12,21,23 12 2025,,,,12,wqqew,12 0 0,0 0
12,21,23 12 2025,,,,12,12,21 0 0,0 0
12,21,23 12 2025,,,,3,132e1,1 0 0,0 0
12,21,23 12 2025,,,,12,dw,12 12 24,2221 12
12,12,12 12 2025,efr,ef,wed,2,ec,22 12 25,12 2
osas,osssa,12 12 2022,osas,12,12,12,dsc,22 12 22,22 12
12,21,23 12 2025,12,12,12,12,12,12 12 12,12 12
12,21,23 12 2025,we,ew,er,12,sefdf,12 12 12,12 12
12,21,23 12 2025,osa,as,12,12,rfcfre,12 12 12,12 12
12,21,23 12 2025,12,12,12,12,12,22 12 12,12 12,12
12,21,23 12 2025,12,12,12,12,12,12 12 12,12 12,12
12,21,23 12 2025,12,12,12,12,12,12 12 12,12 12,12
12,21,23 12 2025,12,2,2,12,12,12 12 12,12 12,12
12,21,23 12 2025,12,12,12,12,12,22 12 12,12 12,12
12,21,23 12 2025,12,12,12,12,12,12 12 12,12 12,34
12,21,23 12 2025,12 12,12,12,12,12,12 12 12,12 12,78
12,21,23 12 2025,12,12,12,12,12,12 12 12,12 12,0
12,21,23 12 2025,12,12,12,12,12,12 12 12,12 12,0
12,21,23 12 2025,12,12,12,12,12,12 12 12,12 12,12,0
12,21,23 12 2025,12,12,12,12,12,12 12 12,12 12,34,0
12,21,23 12 2025,12,12,12,12,12,12 12 12,12 12,45,1
12,21,23 12 2025,12,12,12,12,12,22 12 12,12 12,0,0
12,21,23 12 2025,12,12,12,12,21,12 12 12,12 12,0,0
12,21,23 12 2025,12,12,12,12, 12,12 12 12,12 12,0,0
12,21,23 12 2025,12,12,12,12,12,12 12 12,12 12,0,0
12,21,23 12 2025,111111111111,1,1,12,12,12 12 12,12 12,0,1
12,21,23 12 2025,gjhg,hgu,uhu,12,12',12 12 12,12 12,69,0
12,21,23 12 2025,12,12,12,12,12,12 12 12,12 12,69,0
12,21,23 12 2025,12,12,12,12,12,12 12 2027,12 28,0,0
