111111111111,12,1111111111,21,12,2022,12,12,2025,12,23,Premium Funeral Package,9500,No Add-on,0,43,1290,10790,1
111111111111,12,1111111111,12,12,2022,12,12,2025,12,12,Standard Funeral Package,5500,No Add-on,0,12,360,5860,1
111111111111,12,1111111111,12,12,2022,12,12,2025,12,12,Basic Funeral Package,3800,No Add-on,0,12,360,4160,1
111111111111,12,1111111111,2qw,0,0,0,0,0,0,0,Basic Funeral Package,3800,No Add-on,0,12,360,4160,1
111111111111,12,1111111111,12,12,2022,12,12,2022,12,12,Basic Funeral Package,3800,No Add-on,0,12,360,4160,1
111111111111,12,1111111111,12 ,12,2022,12,12,2025,12,14,Basic Funeral Package,3800,Flower Arrangement,150,12,360,4310,1
111111111111,12,1111111111,12,12,2022,12,12,2025,12,12,Premium Funeral Package,9500,No Add-on,0,12,360,9860,1
111111111111,12,1111111111,21,21,2022,12,1,2022,12,1,Basic Funeral Package,3800,No Add-on,0,12,360,4160,1
111111111111,12,1111111111,weed,2,2022,12,12,2025,12,12,Basic Funeral Package,3800,No Add-on,0,2,60,3860,1
111111111111,12,1111111111,12,12,2022,12,12,2025,12,12,Basic Funeral Package,3800,No Add-on,0,12,360,4160,1
111111111111,12,1111111111,12,12,2022,12,12,2022,1,2,Premium Funeral Package,9500,No Add-on,0,2,60,9560,1
111111111111,12,1111111111,12,12,2022,12,12,2022,12,2,Basic Funeral Package,3800,No Add-on,0,2,60,3860,1
041108011234,tan,01128361073,Ken,18,2025,9,4,2025,9,3,Basic Funeral Package,3800,No Add-on,0,19,570,4370,0
061118101667,soo,0126156678,12,12,2022,12,12,2025,12,21,Standard Funeral Package,5500,Flower Arrangement,150,12,360,6010,1
111111111111,12,1111111111,12,12,2022,12,12,0,0,0,Basic Funeral Package,3800,No Add-on,0,12,360,4160,1
234567890000,osas,23456789000,osssa,12,2022,12,12,2022,12,12,Basic Funeral Package,3800,No Add-on,0,12,360,4160,1
041108011234,tan,01128361073,Sam,18,2025,9,4,2025,9,5,Basic Funeral Package,3800,No Add-on,0,80,2400,6200,1
041108011234,tan,01128361073,eq,2,2025,9,4,2025,12,12,Basic Funeral Package,3800,No Add-on,0,2,60,3860,0
111111111110,11,01272727272,wefewf,23,2025,9,4,2025,12,12,Basic Funeral Package,3800,No Add-on,0,20,600,4400,0
111111111111,12,1111111111,12,12,2022,12,12,2025,12,1,Basic Funeral Package,3800,No Add-on,0,1,30,3830,1
111111111111,12,1111111111,12,12,2022,12,12,2025,12,12,Basic Funeral Package,3800,No Add-on,0,12,360,4160,1
111111111111,12,1111111111,11111111111,12,2022,1,2,2026,12,2,Basic Funeral Package,3800,No Add-on,0,12,360,4160,1
111111111111,12,1111111111,12,12,2022,12,12,2025,12,12,Basic Funeral Package,3800,No Add-on,0,12,360,4160,1
111111111111,12,1111111111,12 ,12,2022,12,12,2025,12,12,Premium Funeral Package,9500,Music Service,200,21,630,10330,0
111111111111,12,1111111111,lo,5,2025,5,6,2025,9,7,Basic Funeral Package,3800,Flower Arrangement,150,5,150,4100,0
111111111111,12,1111111111,lo,5,2025,6,5,2025,9,7,Premium Funeral Package,9500,No Add-on,0,5,150,9650,0
